7 0.960729 0.804795 0.014025 0.034247
18 0.012623 0.801370 0.008415 0.034247
13 0.802945 0.803082 0.116410 0.160959
15 0.158485 0.722603 0.047686 0.089041
6 0.828892 0.655822 0.025245 0.085616
15 0.789621 0.657534 0.053296 0.089041
15 0.486676 0.655822 0.081346 0.085616
2 0.910940 0.441781 0.023843 0.027397
18 0.906732 0.380137 0.018233 0.027397
15 0.870266 0.409247 0.051893 0.085616
15 0.443198 0.409247 0.047686 0.085616
13 0.960028 0.416096 0.065919 0.284247
17 0.539972 0.417808 0.117812 0.287671
7 0.960729 0.030822 0.014025 0.034247
7 0.539972 0.030822 0.014025 0.034247
18 0.066620 0.801370 0.093969 0.020548
18 0.345021 0.804795 0.227209 0.047945
2 0.485273 0.792808 0.053296 0.160959
7 0.539972 0.799658 0.014025 0.044521
5 0.544180 0.931507 0.106592 0.102740
18 0.645161 0.801370 0.185133 0.047945
18 0.907433 0.801370 0.081346 0.047945
18 0.960028 0.667808 0.023843 0.198630
18 0.751052 0.023973 0.396914 0.047945
18 0.960028 0.162671 0.023843 0.188356
18 0.539972 0.157534 0.019635 0.178082
18 0.540673 0.672945 0.012623 0.188356
