7 0.986400 0.834294 0.017600 0.031700
7 0.146400 0.832853 0.014400 0.028818
15 0.804800 0.713256 0.092800 0.072046
2 0.058400 0.533141 0.027200 0.023055
15 0.036800 0.505764 0.054400 0.072046
17 0.145600 0.510086 0.134400 0.242075
7 0.986400 0.184438 0.017600 0.028818
7 0.145600 0.184438 0.016000 0.028818
13 0.805600 0.171470 0.132800 0.054755
15 0.807200 0.092219 0.084800 0.074928
15 0.447200 0.066282 0.094400 0.074928
5 0.144000 0.936599 0.086400 0.138329
18 0.470400 0.829971 0.620800 0.034582
2 0.804000 0.832853 0.043200 0.138329
18 0.901600 0.829971 0.132800 0.034582
18 0.983200 0.510086 0.020800 0.605187
18 0.924800 0.185879 0.089600 0.037464
4 0.448000 0.185879 0.073600 0.141210
18 0.612000 0.185879 0.238400 0.048991
18 0.280800 0.182997 0.244800 0.043228
18 0.143200 0.292507 0.030400 0.158501
18 0.146400 0.717579 0.024000 0.161383
