7 0.968354 0.981870 0.012658 0.020992
18 0.104718 0.981870 0.011507 0.020992
6 0.972957 0.766221 0.021864 0.158397
18 0.991945 0.362595 0.006904 0.019084
18 0.944764 0.362595 0.006904 0.019084
2 0.042002 0.353053 0.019563 0.015267
15 0.926352 0.334924 0.020713 0.047710
15 0.893556 0.335878 0.047181 0.049618
15 0.026467 0.334924 0.039125 0.047710
7 0.967779 0.312977 0.011507 0.019084
4 0.968354 0.337786 0.054085 0.068702
17 0.104718 0.337786 0.096663 0.160305
18 0.336018 0.162214 0.011507 0.011450
7 0.968354 0.122137 0.012658 0.019084
7 0.306099 0.122137 0.011507 0.019084
7 0.104718 0.122137 0.011507 0.019084
13 0.579402 0.113550 0.095512 0.036260
18 0.336018 0.085878 0.011507 0.011450
4 0.321059 0.124046 0.041427 0.091603
15 0.839471 0.043893 0.067894 0.049618
15 0.321059 0.043893 0.066743 0.049618
5 0.100690 0.619275 0.060990 0.078244
18 0.206559 0.117366 0.176064 0.036260
18 0.435558 0.118321 0.173763 0.041985
15 0.576525 0.054389 0.062140 0.055344
4 0.838320 0.128817 0.051784 0.101145
18 0.720368 0.121183 0.172612 0.036260
18 0.914269 0.125000 0.088608 0.032443
18 0.968930 0.223282 0.023015 0.141221
18 0.969505 0.527672 0.019563 0.288168
18 0.968930 0.906489 0.023015 0.103053
15 0.934407 0.760496 0.046030 0.062977
18 0.534522 0.980916 0.838895 0.030534
18 0.105293 0.815840 0.021864 0.291985
18 0.107595 0.506679 0.031070 0.135496
18 0.105869 0.190840 0.016110 0.103053
