7 0.934368 0.803082 0.026253 0.037671
7 0.218377 0.801370 0.021480 0.034247
15 0.662291 0.655822 0.136038 0.085616
15 0.801909 0.409247 0.133652 0.085616
15 0.054893 0.409247 0.081146 0.085616
13 0.933174 0.417808 0.109785 0.280822
17 0.217184 0.417808 0.200477 0.287671
7 0.934368 0.030822 0.026253 0.034247
7 0.217184 0.030822 0.023866 0.034247
5 0.217184 0.910959 0.133652 0.150685
2 0.663484 0.809932 0.081146 0.202055
18 0.811456 0.799658 0.200477 0.058219
18 0.453461 0.796233 0.319809 0.071918
18 0.931981 0.669521 0.045346 0.160959
18 0.575179 0.027397 0.658711 0.047945
18 0.931981 0.150685 0.035800 0.198630
18 0.214797 0.155822 0.052506 0.188356
18 0.214797 0.667808 0.071599 0.198630
