7 0.981876 0.834294 0.023454 0.031700
15 0.260128 0.769452 0.110874 0.074928
15 0.740938 0.714697 0.125800 0.074928
18 0.222814 0.533141 0.036247 0.023055
15 0.194030 0.505764 0.072495 0.072046
17 0.341151 0.510086 0.179104 0.242075
7 0.981876 0.184438 0.023454 0.028818
7 0.341151 0.184438 0.021322 0.028818
15 0.740938 0.066282 0.125800 0.074928
4 0.736674 0.188761 0.125800 0.146974
5 0.350746 0.948127 0.138593 0.097983
4 0.737740 0.838617 0.102345 0.155620
18 0.086354 0.829971 0.168443 0.074928
18 0.344350 0.733429 0.040512 0.170029
18 0.526652 0.824207 0.294243 0.063401
18 0.882729 0.832853 0.157783 0.046110
18 0.981876 0.507205 0.031983 0.593660
18 0.339019 0.301153 0.063966 0.146974
18 0.510661 0.185879 0.313433 0.060519
18 0.886994 0.181556 0.153518 0.028818
